8194	2
8196	1
8197	1
2732	3
8204	2
8205	2
14	2
8207	3
18	2
8211	3
8214	0
23	1
3175	1
8219	0
8221	1
12293	3
8225	2
8226	1
38	2
8233	0
8241	0
8244	3
8201	0
8250	3
59	2
62	2
63	2
5472	1
8258	3
70	3
72	2
12	2
74	0
8269	0
13	3
80	3
82	3
84	1
86	2
8279	1
8280	0
89	2
8282	2
91	1
92	2
8286	3
95	0
96	3
8289	0
100	1
8294	3
8304	3
8305	0
114	3
115	3
116	2
10942	1
8310	1
119	3
12308	0
122	2
4914	0
8316	0
8318	0
8323	2
133	2
134	1
8327	0
138	2
8215	3
142	2
8335	0
146	1
8340	0
13678	1
8342	2
8345	0
5	3
157	1
160	0
9584	2
8354	0
8355	3
2758	0
166	3
9585	0
8360	3
169	3
1915	3
8366	3
8368	2
8369	2
178	3
8371	2
8372	2
181	1
182	0
186	2
8223	2
188	2
8382	1
191	3
8384	1
193	3
194	2
196	1
13686	1
8394	2
203	2
204	0
8398	0
207	0
8400	2
213	1
217	0
218	2
8412	2
8413	3
222	3
12325	2
8416	3
8417	0
228	2
8421	2
8422	2
231	2
8425	1
234	1
235	3
8429	2
1405	2
240	0
8433	0
8434	3
9598	2
246	1
12329	1
249	2
8443	2
252	0
1645	2
256	0
11131	2
260	3
8453	0
262	3
5505	3
264	3
8457	0
266	0
267	1
268	1
8461	1
273	3
8466	0
276	3
277	0
279	2
280	3
8473	2
8476	1
285	3
1971	3
8480	0
291	1
8484	2
8485	0
294	2
295	1
299	0
300	1
8493	0
5512	0
308	0
8502	1
311	1
312	0
8505	0
8506	2
4149	1
8512	3
13150	2
323	2
8516	3
326	1
8520	0
8524	0
10978	1
8528	3
337	1
339	0
341	2
342	0
8536	0
345	2
346	2
1423	0
348	2
351	2
352	2
356	1
8550	1
8553	1
8554	3
364	0
8557	0
8558	3
369	3
8562	3
8563	3
8564	3
8254	0
376	3
377	0
378	3
8573	3
383	2
8576	3
12352	0
386	2
389	2
390	0
391	3
8584	3
393	2
394	0
8588	2
398	2
400	2
401	2
402	1
403	2
404	3
405	3
8606	3
8607	3
8608	3
417	2
418	2
8613	1
423	2
8616	2
428	2
429	1
8622	3
13725	3
12835	0
434	2
435	1
8628	0
9289	0
11813	1
8632	0
8633	2
8634	3
8635	1
8636	2
448	1
8459	1
452	0
8645	0
5513	1
8647	0
8649	2
13927	1
460	0
461	0
77	2
464	3
5539	2
2809	1
473	0
476	3
477	1
8472	3
8673	1
482	0
8675	0
8677	0
486	3
487	0
490	3
1447	2
492	3
8685	0
8686	0
8687	1
8688	2
11746	1
8690	1
499	1
11006	1
502	0
505	0
509	3
8703	1
8705	1
8710	2
520	1
9019	1
8716	1
8717	1
526	0
531	3
8725	0
8727	2
8730	0
540	1
8734	0
8735	1
545	1
8739	0
8741	2
551	3
553	2
8748	2
8749	2
558	2
4189	1
8752	3
563	2
565	2
8758	0
8759	3
9652	0
8763	2
572	1
576	0
577	0
8770	3
579	3
8772	1
581	3
585	1
587	0
8781	3
591	0
593	0
8786	3
8788	3
597	0
8793	0
602	0
8795	0
8801	0
8802	3
113	1
8807	0
616	1
12391	0
622	0
623	0
625	0
8820	2
629	2
631	3
8825	1
635	2
638	2
640	3
642	1
643	0
8837	1
567	2
650	0
8843	0
8844	0
656	3
658	3
8851	0
8854	1
22	3
8859	0
668	0
8862	2
8864	0
8865	2
674	0
8868	1
677	3
13116	2
680	2
11036	2
8876	2
685	2
8880	3
689	3
8882	0
8883	2
697	0
8890	0
702	0
8895	0
704	2
8898	1
13771	1
8900	3
711	1
8904	0
8905	0
11042	0
718	3
721	2
8914	0
725	1
726	1
8919	1
730	0
8924	2
733	0
734	2
8930	2
740	3
741	0
742	0
8938	0
8940	1
754	1
14244	2
8952	2
762	0
764	1
8959	0
8961	0
8963	2
8964	1
773	0
8966	3
8969	2
13783	2
8972	0
781	0
782	3
8975	0
8976	0
3845	2
790	2
791	3
793	2
8986	1
796	2
8990	0
799	2
8995	2
807	2
9005	2
815	0
820	2
823	0
9017	1
9018	0
827	2
9880	1
9024	2
9025	2
6443	2
9029	2
838	2
9031	3
9037	3
846	0
847	0
9041	0
9042	0
851	0
301	0
854	0
857	2
9050	2
860	3
12608	0
9054	2
863	0
9056	1
865	2
9058	2
867	3
9061	2
873	0
9071	3
9072	3
9073	3
9074	3
885	1
887	3
9080	3
9081	3
9082	3
9083	3
894	0
3303	0
9089	1
898	0
5611	2
150	1
903	0
9096	3
907	0
908	0
9101	1
9103	3
915	1
7941	2
9109	0
918	3
9111	3
9113	2
3304	0
9118	2
928	1
929	1
9122	2
4251	0
932	0
9125	3
935	0
9129	2
9130	0
9134	1
944	3
950	1
9143	0
9144	1
953	2
9147	2
956	3
9149	2
958	3
4256	3
9154	0
964	2
967	2
9160	0
970	0
971	2
9168	3
979	1
983	2
988	1
993	3
9186	2
1531	1
9188	0
9191	3
9194	3
9195	1
11090	2
9198	3
1007	0
10680	1
12456	3
1010	0
1013	2
9207	3
9208	3
1017	3
1018	0
1021	0
9214	3
9215	2
1026	0
171	3
9220	2
9221	2
1030	3
1032	1
10400	1
9228	2
1041	0
1042	0
9236	1
9239	2
9241	3
1051	2
9244	0
1055	2
1057	0
1059	1
9252	3
1061	3
1062	1
9336	0
9259	2
9260	2
1069	3
9262	2
1072	1
1075	1
9270	1
1081	1
9274	1
9277	0
1087	3
9280	1
9281	2
1094	3
1095	0
9288	1
1097	0
8627	1
9292	3
1103	1
9296	3
9299	0
13838	3
9302	2
9303	2
1112	2
9306	3
1115	2
9310	0
11109	3
9316	0
1126	2
9319	3
1128	3
9321	0
1131	2
1132	2
1133	0
9326	0
4285	0
9331	0
9333	3
9334	1
1143	0
1144	3
9338	2
9340	0
1151	0
1152	0
9346	0
9348	3
11768	3
1158	3
9351	1
1160	3
9353	3
1162	3
9355	2
1165	3
1166	3
9360	3
1169	2
9367	2
1177	2
1181	2
1182	2
9378	0
9380	0
1190	2
1193	2
1199	3
9394	2
11224	2
1205	2
8769	0
9403	2
1213	0
9408	1
1217	0
9410	3
8395	0
1220	0
9416	0
1227	1
9426	2
1240	3
9433	0
1242	0
8399	3
9438	1
1247	0
9440	1
9443	2
9447	1
1256	0
1258	3
10509	2
9453	3
9455	1
9457	0
1266	3
9459	3
1275	0
9470	3
1279	0
1281	0
1283	1
1284	0
1285	2
9480	1
1289	1
12503	1
1292	2
9485	1
9486	1
5677	2
1297	2
1298	2
2947	3
9492	1
9493	1
9494	3
1306	2
9500	0
9502	0
9503	2
1312	3
9505	2
9506	2
1315	3
1316	2
1323	2
9517	2
9522	0
9523	0
1335	2
1336	3
1337	3
9530	1
223	2
1342	0
1345	2
1346	3
1349	0
1350	2
1351	0
1352	0
9545	0
9547	0
4322	1
1359	1
1362	3
9555	3
1364	0
1365	2
9558	0
5689	0
9561	2
11151	1
1374	3
229	1
9568	2
1377	0
1378	0
1380	2
9866	2
9575	1
9576	2
9788	3
9579	2
9580	2
1392	2
1393	2
9587	3
9588	2
1397	3
1398	2
9592	2
9791	2
9597	3
1406	2
1407	2
13728	0
9604	1
1413	1
9606	1
5697	1
1418	3
1419	0
9614	3
9615	1
1424	1
1429	2
9623	1
1432	2
9625	0
1435	1
1438	0
1813	2
9633	2
1443	0
11232	0
9639	1
1448	2
1450	3
1453	3
1454	2
1455	2
1460	2
9653	0
1462	3
9655	0
9658	1
9659	3
9660	3
1469	1
9663	3
1472	2
9667	1
1476	1
9669	1
10539	0
1482	0
9675	0
9679	0
1491	3
1492	2
9685	2
1494	3
1495	3
2980	2
1498	1
1501	3
1502	3
9698	2
9699	0
9701	2
8444	2
1514	1
2983	3
1518	2
9712	2
9713	3
1522	3
1527	3
10962	2
1529	2
9723	1
1532	3
9725	1
1535	0
1536	1
9729	2
1538	1
1540	1
9814	3
1544	3
1545	3
1547	3
9740	0
258	3
1551	3
9744	1
1555	3
1557	2
1559	2
9752	0
1561	2
9755	3
9756	2
9758	1
9761	0
9762	0
9763	1
9766	0
9767	0
9771	1
9775	2
1584	0
1585	2
1586	3
9782	0
265	3
9785	1
1596	0
1598	2
1599	2
9792	2
1601	2
9794	2
1603	3
9798	3
1607	1
9800	0
9805	0
9806	1
1615	0
9809	3
9812	0
9813	0
1622	0
1623	1
1625	2
9820	3
9821	3
1634	1
1635	2
9828	3
1641	3
1642	3
1643	0
1644	2
274	1
9602	1
1648	3
1650	1
9843	3
9844	2
13694	1
9833	3
1656	3
8468	2
1659	2
9853	2
1663	2
9856	0
1665	1
9858	3
1668	0
1671	2
1673	2
1674	2
1675	2
1678	2
9871	1
9872	0
9873	2
4377	2
1688	3
9881	1
13968	0
9885	0
1694	1
9889	0
12571	3
1700	3
9894	2
1703	0
9896	2
1705	0
9898	2
1709	0
9902	3
9906	3
1715	0
1717	0
1719	0
9913	1
9914	0
9916	3
9918	1
1653	1
9920	2
1729	3
9925	0
1736	3
11145	3
9930	3
9847	3
1740	2
9936	2
9848	2
1746	3
9939	2
1749	3
1753	1
1755	1
9948	1
9949	0
1758	2
1760	2
9953	2
1764	2
9957	0
1768	0
9961	0
1771	2
9964	0
1661	0
9970	2
9971	1
9973	2
332	0
9979	2
9980	0
12586	2
9988	2
9991	2
9992	2
9994	0
1806	0
9999	1
1808	2
1809	2
1811	2
1812	2
10005	2
1814	2
10010	3
10011	1
1821	0
10017	3
10018	3
1829	2
10022	0
10025	1
1835	0
1836	2
10031	2
1843	0
10036	2
3038	2
10040	3
1849	0
1850	3
10043	3
1853	0
10046	2
1856	3
10049	3
10050	2
9867	0
10053	1
4407	1
10061	0
1873	2
1877	3
4409	1
1880	2
10073	1
1883	1
10077	3
10079	2
10081	2
10083	3
10086	0
5777	2
10088	3
1901	2
9065	3
10099	0
10101	2
1910	3
11241	0
1913	3
5792	2
1916	1
10109	1
10113	2
1923	3
1924	3
1926	2
1927	3
13975	1
1933	0
10127	1
1937	3
1938	3
8515	2
1941	3
4429	2
10135	3
1944	3
1945	2
10140	1
1949	0
1952	2
1954	0
13979	0
1956	2
1957	3
10153	2
1962	3
10156	1
1966	1
1969	3
10162	0
10163	0
10164	3
10165	0
7158	3
12341	2
10177	0
1986	3
10180	0
10181	3
10184	0
1993	3
10188	1
10190	2
1999	2
10193	3
10195	1
2004	2
10198	1
10199	1
10201	1
2010	1
2012	0
13989	1
2016	1
2017	1
10210	0
10212	3
1702	0
10219	1
2028	3
10223	2
10224	2
7160	3
10231	2
10233	3
2046	2
10241	0
2051	1
2052	1
8534	1
2054	3
10255	2
10259	1
8525	3
2074	1
10271	0
347	3
10279	0
2089	2
2090	2
2092	2
10287	2
2096	3
10289	1
2098	2
10291	3
10292	0
7177	0
10296	0
10300	2
2110	1
10303	2
10304	2
10305	0
10306	0
10307	0
2117	0
10312	1
10313	1
12642	2
2126	0
10320	0
2129	0
10324	0
10327	0
10333	3
2142	2
10335	3
2146	1
2150	3
10343	3
5820	2
2154	3
2155	3
890	2
2159	0
10352	0
10353	2
10489	3
2163	0
2164	2
1726	3
10358	3
2167	2
10361	0
2170	0
2172	2
2174	2
1728	1
2183	3
2184	0
4460	0
2186	1
2188	0
10382	0
10383	2
3096	1
2194	2
14019	2
2196	3
2197	0
10393	0
10396	0
10398	1
1733	3
2208	1
12656	1
2212	0
9621	3
10409	2
5831	0
2220	1
14024	0
10421	0
10423	0
10425	0
10426	0
10427	2
10428	1
10434	1
2244	0
2246	1
10439	2
2249	3
2252	3
10445	3
2257	0
10450	2
10452	1
2262	0
10455	3
10460	2
10461	0
2271	1
2279	1
2281	1
3111	0
10477	0
10479	0
2289	3
2290	0
10483	0
10484	1
10485	3
2294	0
10487	0
14261	3
2299	1
2300	0
2304	2
10497	3
2306	1
10500	3
2309	2
10502	3
2311	2
10504	2
10505	3
10506	1
2315	1
2317	2
10511	3
10516	2
10517	0
2327	2
2328	2
10522	0
11311	1
10524	0
10526	0
8581	0
2337	2
13444	3
2340	1
10534	0
2343	0
2346	0
8583	1
2348	0
10542	2
1757	2
2353	3
10546	2
2355	2
10548	2
10550	3
10551	3
2361	2
2363	2
10556	2
8586	3
10558	3
10559	3
2368	0
10561	2
2371	3
2372	0
14049	0
396	0
10571	2
2382	2
6617	0
2388	1
4494	2
10583	2
10584	2
2393	0
10586	2
2396	3
10590	3
10592	0
10596	0
14054	0
10599	3
2409	2
2410	0
8594	1
2418	0
4499	2
2421	2
10614	2
10615	2
2424	2
10619	2
10620	1
2432	3
2433	2
2434	1
10627	1
5295	2
2440	1
2442	1
2443	1
10636	0
2446	3
2447	2
10641	3
2450	3
2451	1
10645	2
8265	2
10647	3
10648	0
10650	3
2459	1
2460	1
2461	1
10654	0
2463	2
2465	1
2466	3
2467	0
2468	2
2470	2
14065	3
2473	2
2476	0
10670	1
10671	0
3083	1
2484	0
10677	0
10679	0
2488	2
3146	3
10688	2
10696	1
2507	3
10700	3
2509	2
2511	3
2512	2
10708	2
10709	0
10711	2
2522	1
2523	0
2524	2
10718	2
10719	2
10721	1
10722	0
2532	0
10728	3
10729	0
10731	0
2540	0
10734	1
10738	0
2547	0
4722	2
10743	2
2553	3
10748	0
2557	0
10750	3
2559	3
2560	3
5268	3
2563	1
10756	1
9837	2
2566	1
10759	1
10764	3
2574	1
10767	1
10768	2
5891	3
10773	3
2582	0
2584	3
1796	2
431	3
10781	2
2590	0
10785	0
2594	1
10787	0
10789	0
10792	2
3164	0
10794	3
1799	0
2608	3
10801	1
10802	3
10803	3
2612	2
2614	2
2619	2
2620	2
10813	0
2623	2
2624	2
10819	3
2629	3
10822	0
11361	3
2633	2
10826	0
4535	0
10828	1
2639	0
440	0
2642	3
2644	0
2645	0
10838	2
2647	0
2648	3
2650	0
1807	3
10844	3
10845	3
10846	0
2655	2
10848	3
10849	1
2658	2
2660	0
3174	2
10854	0
10001	1
2664	3
10857	0
2667	0
10861	3
2670	0
2671	0
10864	3
2673	0
10866	1
10867	1
4542	3
10870	0
2679	2
10872	0
10004	0
10874	3
2687	3
10885	2
10887	1
10889	2
10891	3
2700	3
2701	1
10894	3
10897	1
10898	0
10901	1
5913	2
2713	2
10906	0
2715	0
10910	3
10912	0
10913	0
10914	0
10915	0
8646	0
10918	1
10921	0
10922	3
2731	3
10924	2
10925	2
2734	2
10013	3
2738	3
2739	0
10932	0
457	3
2744	1
2745	3
2746	3
2748	3
2750	0
2754	0
12747	0
2756	2
10950	0
14113	2
2762	1
2763	2
10956	3
10959	3
10961	2
2770	3
10966	1
2776	3
2779	3
2780	2
2781	3
2783	3
8656	3
2786	1
10979	2
10982	0
10984	0
10985	2
10992	2
5928	3
10994	2
2803	3
366	3
5856	0
11001	0
2812	2
2813	2
2814	0
11009	3
10027	3
11014	1
2830	1
11023	3
11025	0
11029	1
2838	3
11031	0
11033	0
11034	0
2844	3
2846	3
11041	2
2850	3
11043	0
11046	1
11047	3
2856	2
2858	1
11056	0
2867	3
2872	3
11066	1
2875	2
11070	3
11071	3
11072	1
11073	3
2886	1
11082	2
11088	2
2897	3
2898	0
5945	1
11096	3
11407	0
2911	0
11105	3
11107	2
2916	1
8678	1
11111	0
11113	2
2922	3
11117	2
11411	1
11124	1
2934	1
2935	0
11128	2
2939	0
2940	0
11135	3
2945	3
8827	0
2949	2
11142	2
11143	2
11144	0
2953	2
2955	0
11149	3
4589	2
11152	3
11153	3
11155	0
11158	3
2968	3
2972	1
2973	3
11166	0
11168	0
11170	1
2979	0
11172	0
11173	0
11175	0
2984	2
11179	0
2988	2
11181	0
3100	2
11183	0
2995	3
11188	0
2997	2
11190	3
3000	2
3001	2
11195	2
11196	1
501	2
11201	0
3014	3
11207	1
3016	3
14156	2
11212	0
3021	0
3022	0
3024	3
11218	3
11220	0
11223	3
6102	3
11225	3
3034	3
11227	0
12794	2
11230	1
11231	0
3040	1
11238	1
3049	0
11431	3
3052	1
3054	2
8701	2
3061	2
3062	0
11255	1
11257	0
3069	1
11262	1
11263	3
3072	1
11266	3
3076	0
11269	2
3078	1
3080	1
11275	0
3085	0
3245	2
11280	0
3089	3
4740	3
12803	0
11284	0
3093	1
1881	0
1548	0
3097	0
3098	1
11291	1
11292	3
11295	1
3104	0
11299	0
3108	0
3109	0
3110	0
11303	3
11304	0
8287	0
3115	2
3116	1
14014	1
3119	1
11313	2
3126	0
11321	0
11323	1
4618	2
3136	0
11329	2
3138	0
11331	1
11334	0
1889	3
3144	2
11338	2
3147	1
3150	1
11345	0
11346	0
11349	1
3159	0
3160	3
11354	3
11356	2
3169	0
1894	3
11366	3
11367	2
12108	1
11369	3
3179	2
11372	2
11373	3
3183	2
11378	0
4627	2
11380	3
3189	2
3192	0
3195	3
3196	2
11391	2
11394	2
3204	0
12822	2
11400	1
11401	1
11402	1
11406	2
3215	3
3219	3
3220	3
11416	0
5999	0
11424	2
11428	2
3238	3
3239	1
3240	3
3242	0
11435	2
11436	1
14194	3
3246	2
3248	2
3250	2
11443	3
11444	2
3253	0
3254	3
3259	0
3274	1
3262	0
14197	0
12832	3
3269	0
12833	3
11466	3
3275	0
888	2
11473	2
547	1
3284	2
3285	2
11478	1
11480	0
11481	2
11486	2
11487	2
3296	3
3297	3
3299	3
3300	3
3301	1
3302	1
11495	0
11496	0
3305	1
3306	2
11499	2
3316	1
3318	1
12841	3
3320	1
11476	3
3326	2
11520	3
4651	0
3333	3
11526	3
11528	2
3337	3
3339	0
6018	1
11536	2
6019	0
3349	1
11542	2
3352	3
11545	2
3354	3
3358	0
560	1
3363	0
3364	2
3366	0
11559	2
11561	1
3370	0
3372	3
3373	3
11569	2
11570	1
3380	3
11573	0
11575	3
11577	3
11578	0
11579	0
11581	0
11488	2
3394	3
566	2
3399	2
11592	3
11595	0
11596	1
11598	0
11599	3
11601	1
11606	1
11610	0
3421	2
11614	3
11493	2
11617	3
10207	0
11623	0
3432	2
3433	2
3434	3
11627	1
10130	1
11632	2
3441	0
3442	2
11635	3
11638	2
11640	3
3449	1
11642	3
4671	3
3452	0
11498	2
11650	3
3459	0
11653	2
3462	0
11655	2
3467	0
11661	0
11663	1
11664	1
3474	1
3477	2
11670	1
11672	1
3484	0
11677	2
8773	3
11680	3
3491	1
3492	3
3493	0
3499	1
3502	0
14237	1
3505	0
11705	0
11706	2
3517	0
11713	2
11715	3
11718	2
3527	0
3528	3
4684	2
11722	3
3532	0
3533	0
11726	3
11727	1
11728	3
3537	3
3538	3
3539	3
4755	0
11733	2
3542	2
3543	0
3544	3
11737	0
11738	0
11740	3
3549	2
11743	3
11745	0
3554	2
3558	3
3561	0
3563	2
3564	0
3565	2
3566	2
11759	3
11761	0
3572	3
3576	2
11769	3
11771	1
11772	3
3586	3
3587	3
3588	2
3589	3
11782	0
11784	2
3594	0
11787	2
3596	0
3597	3
3599	2
3603	2
11798	2
11799	2
11800	1
11802	3
3612	2
3614	3
3617	3
11810	0
603	0
3621	2
3622	2
11815	3
3624	1
3625	0
11818	3
11819	3
3629	3
3630	3
11823	3
3633	2
3635	2
11830	3
3640	3
11836	2
1973	2
8570	3
11845	2
11848	1
11849	3
11853	2
3669	2
3671	0
11864	1
11865	0
3674	3
11870	3
3679	3
3680	0
3686	3
11879	0
8450	2
3692	2
3696	3
11890	2
11539	3
3700	1
11895	2
11896	2
11897	2
14271	0
11900	2
3712	1
4522	3
3714	3
3716	2
3717	0
11910	1
1985	1
3720	2
11913	3
3723	3
11917	3
11918	3
8814	3
11926	0
3737	3
5580	0
11933	3
12409	3
3745	0
11938	3
3747	0
3748	1
3750	2
11943	0
11948	3
3757	2
11950	1
3760	2
1992	2
11954	1
3765	0
10185	2
3768	3
3769	1
11964	3
3773	1
3774	0
8821	2
3778	0
6091	0
11972	0
3782	1
11976	1
1996	2
11978	0
12919	1
11980	2
11981	2
11982	2
11984	2
3793	3
3796	0
3798	3
11991	0
3800	0
3802	0
3804	1
11999	0
12001	0
3811	0
3813	3
1218	0
3820	3
3821	0
12014	2
4733	2
12016	1
12017	2
12018	2
2003	3
12020	2
12022	2
3833	2
3836	2
12029	0
3842	0
12036	1
2006	2
3847	2
3848	2
11564	2
12042	2
12043	2
3854	3
3857	2
3860	3
3129	0
3862	2
12056	3
3865	3
3867	1
3868	3
3870	0
3872	0
12065	0
12066	3
12067	2
8858	3
1493	2
3883	1
12077	3
3887	0
12080	2
3889	3
12083	2
3894	1
12087	1
3896	1
12089	0
3899	1
4746	2
12095	1
12096	0
3906	1
4747	2
12101	3
12103	3
3914	2
3383	3
3916	2
2018	1
8373	2
12114	3
6115	3
3924	1
8314	0
12683	3
12123	0
12124	3
12129	3
12130	0
12133	0
3942	0
12136	3
3945	2
3947	2
12146	0
12147	0
3958	0
12151	3
4756	0
12154	3
3966	0
3970	3
12164	0
4758	1
11585	2
10220	2
3978	0
3981	0
12177	1
12183	0
3992	0
3993	2
12186	2
12187	1
666	2
3998	2
3397	0
12194	2
4005	0
4006	3
12201	2
4010	0
12206	0
12207	0
4017	1
12211	0
670	3
12214	3
4023	2
12216	0
4027	2
12220	1
12221	0
12222	1
12223	1
3404	3
12234	0
4043	3
12236	2
4049	1
12243	1
12245	2
4054	3
4055	3
4057	3
4059	0
12252	0
12254	2
12256	2
4067	2
4068	3
4071	0
4073	3
4074	3
12967	1
4076	0
12270	0
12272	0
10229	2
4082	0
4083	0
4084	0
12277	0
4088	0
4091	0
4093	2
12286	3
4095	3
4097	1
4101	1
684	3
12302	1
4111	0
12305	3
4114	2
4116	2
12310	0
12312	0
4123	2
4125	3
4126	2
4127	2
12320	2
688	3
12322	2
4131	2
4132	2
4133	2
12326	0
4137	3
4138	3
12332	3
4141	2
12334	0
12338	2
4147	0
3422	0
12342	1
12343	2
4153	0
4156	3
4159	0
4160	0
13232	0
12358	3
3425	3
4169	0
12362	2
12363	0
12364	0
12366	3
4176	2
12369	1
4179	3
4180	3
4181	3
4183	2
12377	0
12378	0
2063	0
4188	2
12381	0
12382	0
12383	0
12386	0
4197	3
14353	1
4201	3
12394	1
4203	0
4206	0
12399	1
12400	3
4209	0
4210	0
12404	1
12405	1
12406	0
4217	1
12413	3
12415	3
12416	0
4226	3
3435	2
3414	0
4229	0
4234	1
12427	3
4236	0
12431	1
4240	2
4244	2
4245	2
12439	1
12441	2
12442	2
12443	2
12444	2
12447	3
12448	3
3440	3
12455	2
4264	0
12457	2
12458	2
12461	2
14365	2
12464	3
12466	0
4276	1
12469	2
4278	0
12471	0
11872	0
4282	3
12477	2
4286	2
12479	0
4250	2
12487	0
4296	1
4297	1
12493	2
12495	2
4304	0
12499	2
4308	0
12501	0
4311	0
12506	2
4315	0
4318	0
12512	3
12514	2
12516	3
12519	0
12520	0
12521	3
12525	3
4335	1
12528	0
4337	2
13011	2
4340	2
4343	3
4346	3
3418	0
12542	2
12543	2
4355	1
12552	2
10238	2
4362	3
12555	0
4365	0
12558	0
4367	1
13382	0
4370	3
12563	2
4372	2
12565	2
12567	2
12568	0
12569	3
4378	0
4379	3
4380	0
12573	3
12575	3
12421	1
4387	0
12581	3
4390	0
4391	1
4394	1
3463	1
4403	1
12599	3
12600	3
12601	1
12602	3
12604	3
4414	3
12607	2
4416	0
4417	1
11659	0
4421	3
14059	0
4425	0
4428	3
13026	0
4430	3
5603	2
4432	3
4434	1
12627	1
4436	2
4437	2
12630	0
12631	1
4440	2
12636	0
12638	0
8933	2
12640	2
4449	3
4450	3
12645	3
12646	3
12652	3
12653	0
4464	0
12657	0
4466	0
4467	1
4469	1
4472	3
12665	2
12666	2
14399	2
12670	2
12671	2
12672	0
12674	3
12675	1
12676	1
12677	1
12678	2
12679	0
4844	2
12682	1
4491	3
4493	1
12686	3
4514	2
12688	0
2115	0
13038	0
12694	3
4503	1
4504	1
12698	2
12701	2
12706	3
4515	3
12708	1
12711	2
12712	3
12714	0
4523	1
12716	0
12717	0
7581	3
4528	3
4529	0
4530	0
14409	2
12729	2
12730	0
12732	1
12733	0
12734	0
12735	0
4546	0
12739	0
12741	0
4551	2
12744	1
4555	1
12749	2
2125	0
12753	2
10318	1
12758	3
13049	3
12760	2
12766	1
4575	0
4577	3
4579	1
12772	3
4581	1
12774	1
4584	2
4585	2
4586	0
12781	0
12783	2
12785	3
12788	2
12790	2
4599	0
153	3
4602	2
12797	3
4606	0
12799	0
11691	1
4612	3
4615	0
4616	0
4617	0
12810	2
12811	0
4620	2
12814	0
12816	0
12817	0
771	0
4630	0
12823	0
4633	2
12826	2
12827	2
12829	3
4640	0
4641	3
4642	0
4643	1
4647	0
4649	3
9963	0
4653	1
4658	0
4659	0
4660	3
4661	0
4665	0
12858	2
4668	2
12863	3
12864	0
12865	3
4675	1
12868	3
4680	2
12873	1
12874	1
4683	2
12876	0
8973	0
4690	3
14435	3
12887	0
4698	3
4700	3
3514	0
3157	1
12896	1
12902	2
4711	3
12904	2
4713	3
4714	3
4716	3
1248	1
4718	3
12911	1
12912	1
12914	1
4723	2
12916	0
12917	3
14441	3
12920	3
12921	3
4730	1
4731	3
4732	1
12925	3
4735	3
12928	3
12930	0
14443	2
12932	0
8982	1
12934	0
4744	0
12937	1
12938	1
8983	0
4748	2
12943	0
12946	0
12947	1
12948	1
12950	1
8985	0
4764	2
4765	1
4770	0
4773	1
12966	0
4775	3
8988	2
4778	1
4779	1
4781	0
12976	0
12978	2
12979	2
4790	2
4791	1
10356	3
6979	3
12987	3
4796	1
2165	2
4800	1
12994	2
12995	2
4804	3
12998	1
4808	1
13002	0
13006	2
11725	3
4817	0
4819	3
4822	3
4823	0
4825	3
4827	3
13023	0
4834	0
13033	0
4842	2
13035	3
13036	1
4846	2
4848	0
13045	0
4855	0
4856	2
4857	2
13050	0
4860	2
13055	3
4864	0
13058	0
4867	0
13061	2
4871	1
4872	0
13065	2
4882	3
4883	3
3545	3
13080	2
4889	2
13082	0
4911	0
4892	0
4893	3
4894	2
13089	0
13095	0
4904	1
4905	2
4909	0
13103	2
13106	0
13109	2
4918	1
14473	0
9012	2
4923	3
4924	1
4928	0
4929	1
13122	2
4931	3
4934	1
13127	2
13128	1
6143	0
4940	3
4941	2
13134	2
13137	2
13138	0
4948	3
13142	3
4921	1
4952	2
13145	0
4956	1
4958	1
4962	1
13115	2
4965	2
4966	2
4969	0
4970	0
4971	3
13259	0
13168	0
13169	2
4983	0
13176	1
10388	3
13179	1
13180	1
13182	2
4991	3
4994	3
4995	3
13189	0
10532	0
5002	2
13196	3
4930	0
5006	2
5009	2
13202	1
5011	2
13204	1
13205	1
1288	1
13210	2
5019	0
5020	1
12715	0
8544	3
13215	1
13217	2
13218	1
13221	2
5031	0
13227	2
13229	2
5040	1
13234	0
13237	3
5046	3
13239	0
5049	2
5052	3
13249	0
5058	0
2209	0
5067	3
13261	0
13263	0
5073	0
13266	0
13268	1
5077	0
3307	0
13273	2
5082	3
5085	2
5086	0
5088	3
5090	0
5091	0
13288	0
5097	0
13291	3
4946	0
13295	0
13296	0
5105	0
5110	0
13303	2
5112	1
5115	0
5119	1
5120	0
13313	3
13314	3
13315	3
5124	3
9046	2
5127	1
12173	3
5131	0
13324	0
1507	3
13326	1
13332	0
5143	2
5144	3
5145	3
13338	0
5147	3
12582	0
5149	2
13342	1
13343	3
13345	2
13350	3
5160	2
5161	1
13355	3
5167	3
3592	3
13362	2
13363	0
13365	2
5174	3
5175	3
13369	3
5183	2
5188	2
13381	2
5190	3
5191	3
5192	0
13386	0
13388	1
13389	0
5198	0
5199	2
4963	1
13398	0
13399	0
13400	2
5209	2
13402	0
13408	3
5217	0
5221	2
5223	3
5225	1
5763	1
13419	1
5228	1
5229	3
13423	3
12037	3
13428	3
5239	0
13133	2
5241	0
11904	1
5243	0
13436	3
13162	3
13438	2
5247	0
5249	2
5251	3
5252	1
13445	3
5255	2
5256	1
13449	1
2242	0
5264	0
5265	0
13458	2
13460	3
13463	0
5276	3
5277	1
5279	1
5280	2
4976	0
13475	3
13476	3
13477	3
5288	2
13482	3
13484	1
5293	0
13487	2
13489	3
5300	3
5303	1
13496	3
5306	2
5309	0
13502	3
5314	0
13507	1
11809	1
5320	0
5321	1
5322	1
13175	1
13519	0
13520	0
4984	0
5333	0
5334	0
13527	2
13528	2
5337	0
13532	2
13533	2
13534	2
13535	0
5344	2
5346	2
5350	1
4988	0
13546	1
247	0
5358	0
5359	0
11816	3
13556	0
13557	1
5366	2
13560	0
2260	2
13562	2
895	3
13564	1
13566	0
13567	0
5376	3
5377	3
5380	3
5381	3
5382	3
13577	1
2263	3
5392	2
5393	2
4673	0
5396	2
13589	0
5908	3
13594	1
5403	0
5404	3
5405	0
13598	0
13600	3
5409	2
13602	3
13604	0
5413	2
13608	1
5417	2
13611	0
5422	1
5423	1
5425	1
13620	2
5429	0
13625	2
13626	2
13628	1
13630	1
5441	2
5442	2
5444	2
3638	3
13638	2
13639	2
5448	2
13642	3
13645	3
13197	2
4728	2
5459	2
5461	0
5463	3
13657	3
13659	0
13661	1
13664	1
13666	1
5476	0
5477	1
5478	1
5479	3
5482	3
13676	0
5485	0
5486	2
13679	0
13681	2
13683	2
5494	0
13687	1
13688	3
5497	1
5502	3
917	3
13697	1
13700	0
13701	2
13704	2
13705	1
5514	0
13707	3
5517	2
2285	3
5525	0
13718	2
5529	3
5530	3
13723	3
5533	3
13726	0
5536	3
5538	2
13731	2
13732	1
13734	0
13736	0
13737	3
13740	2
13741	0
3458	1
13743	0
13744	2
2367	1
13747	0
5556	2
5559	2
5561	2
13754	0
5564	1
5565	0
5568	0
13762	3
13766	2
5575	3
13770	0
5579	3
13772	2
13775	2
5584	1
5588	2
5591	3
13788	3
13790	3
13791	2
13792	3
13793	3
13795	3
13798	3
5607	2
13800	3
13802	0
13223	1
5614	0
5617	0
13810	1
5619	0
5620	0
5623	2
5624	2
13818	3
13820	2
5629	1
13823	2
5632	0
3188	2
5635	2
5636	1
13830	1
5641	1
5642	0
13837	3
5646	3
13840	2
13841	2
5650	0
5651	0
5655	2
5656	0
5660	0
5661	0
5664	3
9136	1
13860	0
13867	1
13869	2
13870	0
13871	2
5681	1
5683	2
5684	2
13877	1
2917	2
5688	2
4281	0
5690	3
13883	0
13884	2
5693	3
5694	3
5695	2
13888	0
13889	3
5700	0
5701	0
5702	2
13895	2
5709	3
5711	3
5712	3
5713	1
13906	1
13907	3
5717	0
9145	2
13912	1
5721	3
5723	0
13916	3
13919	0
5728	3
13921	2
5730	3
5731	3
5733	3
5735	3
13930	3
5739	0
13933	0
13939	0
10131	1
5751	0
13944	3
13947	0
5758	2
5760	2
13954	3
13955	1
13956	0
13957	0
5766	1
10519	2
13964	1
5774	2
13967	1
5776	2
13969	2
5779	2
13972	0
5782	2
5783	0
13977	0
5787	2
13980	0
5789	2
5791	2
13984	3
5793	2
5794	2
5795	2
13988	1
5797	0
13990	1
5799	3
8922	2
5801	0
13997	1
13998	0
13999	0
14004	0
5815	1
14008	0
5819	3
14012	2
5821	0
5822	0
14016	2
5825	0
5827	0
14022	3
10529	3
5832	2
5834	3
5835	3
5838	1
5841	2
5844	3
5845	3
3705	1
14041	0
5852	2
14045	0
14046	0
14047	3
14048	0
976	3
14052	0
14053	0
5862	1
5865	2
14058	0
5867	2
5868	2
5870	0
14064	0
5873	0
7015	2
14069	0
5881	2
14074	2
14075	2
5884	2
5886	3
5889	3
2347	1
5892	3
5893	0
5895	1
14090	1
5079	1
11906	1
5902	2
5905	0
5906	0
14100	2
5909	2
5912	2
11908	1
2351	0
14109	2
14110	0
14112	2
5921	0
14116	0
14117	2
14120	2
5930	2
14127	2
14129	2
5938	0
5939	3
14134	2
14136	2
14137	2
5946	2
14141	0
14143	2
5952	0
14146	0
5955	0
14150	3
14155	3
5964	1
14162	2
5971	0
14166	3
14168	3
14170	1
5979	0
5980	0
14174	0
14176	3
14177	0
5987	1
14180	0
14182	0
14185	3
5997	0
5998	0
14191	2
14192	1
5096	0
6002	1
2366	0
6006	1
6008	0
14201	1
6011	0
14204	1
6016	1
14210	1
14211	2
14213	1
6027	0
6028	0
14221	1
14222	3
14225	2
14230	2
6039	2
14232	0
14233	3
14235	2
6045	2
6048	2
6049	2
6051	3
6052	2
6056	0
14249	3
6060	2
14260	0
6069	1
202	2
6076	3
14270	0
6079	3
14276	1
13302	3
6087	0
14282	1
14283	2
6092	1
6094	0
6095	0
14291	2
6101	2
14294	3
14296	2
6105	1
14298	0
6109	0
6110	1
14388	3
6112	1
14307	1
6116	0
6117	0
6120	3
14315	0
6124	3
4787	0
14319	0
6129	0
14322	3
6132	0
6133	3
14327	0
6138	0
1023	3
2389	0
14336	2
14337	3
14338	3
14339	3
14342	2
14343	0
6152	1
2391	0
6156	0
3751	0
6160	0
2392	0
5540	2
5123	3
12807	2
6167	0
6169	3
14364	1
2394	2
14370	3
6181	2
14374	3
6183	2
6184	0
6185	2
6186	0
7571	1
14381	0
6190	1
4351	0
6195	1
6196	0
2398	2
14394	3
14396	1
6206	3
6207	2
6208	0
6209	0
14404	0
6214	2
6216	3
6217	0
14410	3
14413	2
14416	3
6225	2
6227	2
14422	0
14423	0
14424	3
14426	0
6235	3
6236	3
14429	3
8934	2
6240	3
14433	1
6243	2
6244	3
14439	1
6248	3
6249	3
6251	3
6260	1
14453	3
13669	2
6263	1
6264	1
14458	0
6267	1
14461	0
14463	0
14464	1
14467	2
14468	0
6277	0
6281	3
6284	2
6289	3
6291	2
6292	1
6293	1
6294	3
6295	1
6301	2
6302	1
6307	2
6314	2
6318	0
6322	2
6327	0
2120	2
6330	2
10613	1
6336	2
6807	0
6344	2
3788	3
6346	2
6348	0
6350	3
6351	1
6352	0
6355	0
6356	3
3485	1
6366	3
6370	2
6376	0
6382	2
6389	0
6391	3
6392	3
6393	3
6395	3
6397	3
6401	3
6403	3
6411	3
6414	3
6415	0
6418	1
6419	2
6425	3
6427	3
6430	3
6431	3
11996	0
6442	2
6535	0
6445	3
7901	0
9267	1
6453	0
6455	0
6458	2
12720	0
6465	0
6469	0
6471	0
6474	2
4853	2
5177	2
6491	2
6499	2
6500	2
6510	3
6512	2
6513	0
6517	2
6518	0
6519	2
6525	1
6528	1
6530	0
6531	3
6533	3
1089	0
6537	2
6539	0
6540	0
6543	0
6545	1
3822	3
14335	2
6552	1
6556	1
6562	1
10651	1
6565	1
6566	2
6567	1
6568	2
10652	0
6571	3
8353	1
6573	0
6574	2
10653	0
2462	1
11064	3
6583	0
6584	0
14131	0
6588	0
10585	2
6592	0
6598	0
6601	1
6603	1
6604	1
6605	1
6221	3
10659	1
6613	3
10660	0
6618	0
6621	0
6627	2
6632	2
6633	2
10246	1
6639	3
6643	3
6644	0
9301	3
6656	0
6658	0
6660	0
5206	3
5207	3
6672	2
6676	3
6677	3
13847	2
13401	0
6681	2
6685	2
6687	3
6696	2
6697	2
6699	0
6700	0
7861	2
6711	0
14408	0
1463	0
6717	3
6719	2
6730	0
6731	0
6736	1
6737	2
6739	2
6741	2
6742	0
6746	1
13413	3
6755	1
6756	0
6757	1
6762	3
225	2
6764	1
6765	1
2493	1
6771	3
6778	3
6781	2
6784	2
14248	2
6790	1
6791	1
6797	2
6801	2
6802	0
6803	3
6806	3
12057	3
6808	2
6811	1
6813	3
6815	2
6816	2
6820	1
11633	1
6822	2
6827	1
6832	2
6833	3
6835	3
6837	2
6843	1
13277	3
6845	2
12064	3
13431	1
5240	0
6868	3
6872	2
10703	0
6877	3
6878	0
6880	3
10704	3
6887	0
5244	2
6891	2
6907	2
6910	3
6911	3
6913	3
13441	0
6928	3
6929	1
6930	0
6931	3
6932	3
6935	3
6936	3
6937	0
6943	0
6951	3
10716	2
6954	0
1159	3
4596	2
6960	1
9352	1
6963	3
6964	2
12507	1
6969	2
6971	2
6972	2
6977	0
6978	1
1163	3
6982	0
6988	1
6990	2
7004	0
7012	3
7013	1
9361	2
7017	0
7019	3
7020	0
7021	3
12093	2
7024	3
7029	3
7030	1
11067	3
7033	0
7034	0
7039	3
7040	0
7043	1
7048	1
7049	2
7051	0
7056	0
2542	0
7062	0
7065	0
7068	0
7069	0
7071	3
7075	3
7081	3
7083	3
7092	1
7095	2
7098	3
7099	0
7100	1
7101	2
2549	0
7105	0
7107	3
7109	0
7113	1
7115	3
7118	1
320	2
7124	3
7126	2
7142	2
7146	2
7148	0
13480	3
7156	2
2966	3
9385	0
13059	1
7161	1
13572	2
12117	0
7171	0
7173	0
5292	1
7178	0
7182	0
7190	0
7193	3
9391	1
7197	0
7198	0
8423	2
7200	0
7205	0
7212	3
7215	3
7219	1
9515	0
7227	3
7228	3
7234	2
7235	3
7239	3
7240	1
7241	3
10334	2
7251	0
7252	2
10766	1
7254	1
7255	0
7256	0
7258	0
3941	2
7265	0
1211	1
7270	3
7271	2
7275	2
7282	3
7283	1
7285	0
9432	3
9790	1
7294	3
7296	0
7300	1
6678	2
7306	1
7308	3
7309	0
7310	2
7312	2
7314	2
7315	2
7316	2
7317	0
9412	1
7335	1
7348	1
10782	0
7351	2
10262	0
7354	3
7356	0
7357	0
7358	3
518	0
7383	2
7385	0
7388	1
7389	0
7390	3
7391	3
7396	3
7397	3
7402	2
7404	0
7405	2
7407	2
7408	3
7411	1
7412	3
7415	1
7417	2
2602	0
7423	3
7425	2
2603	1
7428	2
12162	0
8455	2
7441	0
7443	0
7444	0
13529	1
7450	2
7452	1
7456	2
7460	2
7461	2
7462	2
8432	0
7470	2
7471	0
7472	1
1067	1
7480	0
7485	2
7489	2
7491	2
7492	2
7497	0
7499	3
7501	0
7502	2
7503	0
7504	0
7507	1
7509	2
7516	3
7520	0
7522	1
7525	3
3985	1
7529	2
7538	0
7540	2
251	0
7545	2
7546	0
10815	1
7551	1
7554	3
7556	0
7558	3
7560	0
7562	0
7564	3
7567	0
7569	3
2627	2
13550	2
7577	3
7579	1
4142	0
3994	2
7583	1
7584	3
7586	1
7589	2
7593	3
7595	1
7596	3
7597	3
7599	3
5163	3
7608	0
7609	2
7612	2
7615	0
2635	1
7628	3
4002	2
7630	1
2342	0
7644	1
5370	2
7649	2
7650	1
9467	2
12198	2
2641	3
7659	2
7661	0
7663	3
7664	1
7668	3
7671	3
7674	1
9471	1
7677	3
7684	0
7689	0
7693	1
7700	1
4014	3
7705	0
7708	0
7709	0
7717	3
7729	0
7732	2
12872	1
7734	0
7735	2
7739	1
7740	0
7741	0
7744	3
2656	3
7746	0
9483	0
2657	2
7761	2
7763	1
7768	2
7770	2
7771	2
7773	2
7777	3
7784	0
7785	2
4029	2
7793	0
13587	3
2665	0
7805	1
7807	1
7813	3
7815	0
7817	1
7819	2
7820	0
7822	2
7824	2
7825	2
7826	3
7833	1
5402	3
7846	2
7848	1
7853	0
7854	1
7199	1
5406	0
7863	3
7865	0
7866	3
5408	2
12235	1
7881	0
7883	0
5410	2
7886	3
9508	0
3809	0
7900	2
2682	3
7904	2
7906	3
7908	1
7911	3
5719	3
7915	3
7916	2
7919	2
7920	0
1355	0
10879	0
7933	0
7934	2
7939	2
12246	2
7944	0
7951	0
7952	2
11176	0
13614	1
12249	0
7964	2
7967	2
676	2
7971	1
7974	2
2695	2
13201	1
7982	0
7984	2
7985	3
7987	2
7988	2
7990	2
7992	0
7993	3
7994	3
7999	2
8001	2
8003	2
8006	3
8010	0
13633	2
8021	3
8022	0
8034	0
8037	0
2705	0
8041	2
5018	0
2706	0
8046	2
8049	0
8050	2
8051	2
8053	3
12265	2
8059	0
8060	0
8063	0
8065	2
8066	2
8071	0
8075	3
8076	2
8081	3
8082	0
13636	2
8092	3
5445	0
8096	3
8098	1
8100	3
8103	1
3775	0
8111	2
4582	1
12275	0
8117	3
8122	0
8127	1
8128	1
8130	1
8131	2
8132	1
8137	2
8145	1
8151	0
8153	2
8154	2
8155	0
8158	2
8160	0
2726	3
8169	1
8171	2
8173	1
8175	3
8177	1
8178	1
8181	0
8183	0
12287	3
8188	0
